45 47 48 51 54 56
76 79 81 84
30 32 35 36 38 40
72 74 77 78
54 55 57 60
23 26 28 31 34 35 36
81 82 84 87 88 89
57 58 61 63 64 65 67
20 23 25 28 31 32 35
25 26 28 31 32 35 38
72 74 77 79 81 84 87
22 19 16 14 12 10 9
74 72 70 67 66
42 40 39 36
95 93 92 91
13 10 8 6 4
43 42 40 39 38
30 28 27 25 24 21 19
45 42 41 38 36
93 92 90 89 86 84
15 17 18 21 23 25 26
65 68 71 74 77 80 81
23 26 28 29 31 32
84 86 87 90 92 93
89 90 91 94 95 96
24 26 29 32
91 93 94 97
29 32 33 35 36 38
6 7 9 12 14
62 65 68 70 72
83 86 88 91 93
34 37 39 40 42
75 72 69 68
16 13 10 9 8 6
96 95 94 91 88 87
44 41 39 37 35 32
34 33 30 27
21 19 17 16
39 37 36 33 32 29 26
14 12 10 7
90 87 85 84 82 79
66 63 62 59
77 75 73 72 71 70 69
80 77 75 72 71
48 50 53 56 57 60 62
47 48 50 52 55 57
34 35 37 38 41 42 45
59 60 61 63 64 66
42 45 47 49 51 53
16 18 19 22 24
56 58 60 61 63
51 50 47 44
46 47 49 51 52 53 54
49 50 51 52 54
8 11 14 17 19 21
25 27 28 29 30 33 34
77 79 81 82
91 89 88 85 84
75 73 71 69
23 21 19 17 15 13 12
52 50 48 45 43
34 33 32 31 29 26
28 25 22 19 18 17 14
54 51 48 45 43 41 40
43 41 38 35 34 32 29
58 56 54 51 48 47 45
93 94 95 96 98 99
75 72 71 68 66 65 62
47 50 53 54 55 57 58
18 16 14 13 10 9
26 29 31 34 36 39
61 59 57 55 54 52 49
34 35 37 39 41 42 44
54 57 58 59 61 64 66 67
24 23 22 19 16 15
63 65 66 67 70 71 72 73
97 96 93 90 87 84 81
84 82 80 79 76 74 72 71
21 23 24 26 28 30 32 33
77 75 74 72 69 67 66 64
65 67 70 72 75 77 79
21 22 24 25 27 28 30
77 79 81 82 83
52 51 48 45 42
21 20 17 15 14 11 10
50 47 46 43 40 37 34
50 52 53 56 59 61 63
74 75 76 77 80 83
85 86 87 89 90 92 94 96
16 14 13 12 9 7 5 4
92 89 86 85 82 81 78
37 36 33 31 30 27 26 25
55 53 51 50 48 46 44 41
4 6 8 11 14 16 17
31 34 36 37 40
21 22 25 28 29
26 28 30 33 35 38 41
49 46 44 41 40 39 38 36
66 67 69 72 75
72 69 66 65 64 61 59 56
88 91 92 95 98
11 14 16 19 20 23
64 62 61 59 58 56 55 53
82 83 85 86 87 89 92 94
91 88 85 84 82
94 93 90 87 84 82 79
11 14 15 16 19
39 36 35 32 30 27 24 21
79 80 81 84 87
49 50 53 56 59 62
41 40 39 38 37
15 14 12 9 6 5 4 1
9 11 13 15 18 19 20
67 68 71 74 77
86 89 92 93 94 97 98
9 11 13 15 17 19
81 83 85 88 91 92
54 52 50 48 47 45 43
25 24 22 20 19
91 89 86 83 80 79 77 75
22 21 19 18 15 14
64 63 61 60 58 55
14 17 19 22 24 26
52 54 57 59 62 65
11 12 14 17 20 21
90 89 88 86 85 84 81
81 82 84 87 89 92 93
55 53 52 49 47 44 43
28 26 24 23 21 19 18 17
83 80 79 78 76 74 71
95 92 89 86 83
69 72 74 76 77
51 54 57 59 62 64 67
13 14 15 16 19 21 24
47 46 44 43 41 40 37 36
75 74 71 68 67 66 64
30 33 34 36 38 40 41 43
21 22 23 26 29
32 35 36 37 38 40 43 45
11 12 13 16 18 19 20 21
20 18 16 15 13 10 9 8
36 39 42 44 46 47
53 51 49 47 44 43 40
82 80 78 75 74 71 70 67
26 25 22 21 20 19 18 17
62 65 67 68 69 70 71 72
85 84 81 79 78 77 75 74
36 38 41 42 45 48
56 54 53 50 49 48
80 79 76 73 72 70 68 67
40 38 37 34 31
97 96 94 92 89 86 83 80
62 59 58 56 54 52
23 26 28 29 30 33
12 15 17 18 21 22 25
73 70 69 66 64 61
34 32 30 29 26 23
99 98 96 94 92
67 70 72 74 75 76
57 60 62 63 66 69 70
76 74 72 69 68 67 66 63
5 7 10 11 13 15
36 38 41 44 46
94 91 88 85 84 83 82 80
13 15 16 17 19 22 25 26
85 87 88 89 90 93
19 17 16 15 13 10 8 5
15 17 20 23 24 26 29 32
93 92 91 88 85 83 80
27 29 30 31 32 33
68 70 71 72 74 77 80
22 20 17 15 13 12 9
23 20 18 15 14 12
56 53 52 49 47
19 16 14 11 10
32 29 28 27 25 24
98 96 93 90 88
86 88 89 91 92
69 66 65 62 60 59
19 20 23 25 28
56 57 60 63 65 68 70 72
50 47 46 44 42 40 39 38
54 53 52 50 49 46 44
5 6 8 9 12 13 16 19
38 41 43 44 47 50
37 36 35 33 31 30 27 26
73 76 78 81 83 84 85
32 29 28 25 24 21 18 16
84 86 87 89 91 94 95
37 40 43 45 48 50 51 54
91 93 94 96 97
20 22 24 27 30
56 59 60 63 64
58 61 62 65 68 69
43 40 37 36 34 31 28 26
33 36 37 38 39 42
49 47 45 43 42 41 39 38
82 84 87 89 90 93
26 23 20 18 17
71 70 69 67 64 63
67 69 72 73 74
99 97 96 93 92
38 41 42 43 44 45 48
12 15 16 19 22 24
72 74 76 79 82 84 85 87
97 96 93 91 90
55 52 50 48 47 46
16 14 12 11 9 7 6 5
99 96 94 91 88 87 85 83
87 86 84 82 81
13 14 15 16 19 21 23
38 41 42 44 47 48
19 18 17 16 13 10
29 30 32 33 35 38 39
35 34 33 31 30
86 87 88 90 93 95
35 32 31 29 27
68 67 64 61 59
80 77 74 72 71
71 70 69 66 65
15 17 18 19 20 21
42 45 47 50 51
33 31 29 28 27 25 24
73 72 71 69 68 67 65 64
43 46 48 51 53 54
39 42 45 48 51 53
53 52 50 49 47
47 50 51 54 56
26 29 30 33 36 37 40 42
39 36 34 33 30 27 24
65 66 68 70 72 75 76 77
51 53 56 57 59 60 62 63
53 52 50 48 47 45 44
21 20 18 16 13 12 10 8
84 85 88 90 92 93
62 64 67 70 71 73
33 34 37 40 41 42
35 32 31 29 26 25
9 10 13 15 16 18 20 23
94 93 90 87 86 85 83
12 9 8 6 5 3 2
15 18 19 20 22 23 25 28
96 94 93 90 88 86 85
89 90 91 93 94 96
77 76 74 73 70
48 51 52 53 54
32 29 27 26 25
36 39 41 42 45 48 51
48 50 52 53 54 56 59
78 77 75 73 72 71
82 81 78 77 74 73 72 71
14 13 11 9 6 5 3 2
69 72 75 77 80 82 83
75 73 70 68 65 63
91 89 87 85 82 81 78 76
98 95 93 92 89
74 72 69 67 64 62 61
67 66 64 63 61 59
73 71 69 68 66
48 50 53 54 55 58 59
38 41 43 46 47 49 50
25 26 27 30 32 33
62 64 66 67 69 71 72
22 19 18 16 15 13
40 38 36 35 34 32
47 48 50 51 53
26 29 31 33 35 38 39
53 52 50 48 46
57 58 59 62 65
40 42 43 44 45 48 50
10 12 14 17 20
47 46 45 44 42 40
70 71 73 75 76 78 81
8 10 12 15 18
50 51 52 54 56 58 59
78 80 83 85 86 88
89 86 85 84 83 81
52 50 48 45 44 41
54 51 48 47 46
26 28 30 32 35 36
56 59 61 63 66 69 70
27 25 24 21 18
79 80 81 84 87 90 93
24 27 28 30 31 34 37 39
9 10 13 15 17
20 21 23 25 27 29 31
42 39 36 33 31 30 28 27
75 72 70 68 67
38 37 34 31 28
43 46 48 49 51 52
38 39 41 43 45
89 88 85 84 83 82 81
42 39 38 35 33 31
14 13 11 9 7 4 2
39 41 42 43 45 46 48
74 75 78 81 84 87 88 91
65 68 70 71 73
60 63 66 68 71 74 76 79
Problem two: 298
